NACA 3306                                       
 Alfa =   8.00000 Re =        0.000 Xflap,Yflap =     0.000000    0.000000
#    x        y        Cp  
   1.00000  0.00063  0.28785
   0.99794  0.00095  0.17805
   0.99421  0.00153  0.12887
   0.98977  0.00221  0.11499
   0.98483  0.00297  0.07370
   0.97962  0.00376  0.06336
   0.97430  0.00457  0.03041
   0.96893  0.00537  0.01637
   0.96355  0.00617  0.00325
   0.95815  0.00697 -0.01197
   0.95275  0.00776 -0.02711
   0.94735  0.00855 -0.04126
   0.94195  0.00933 -0.05517
   0.93655  0.01011 -0.05945
   0.93114  0.01088 -0.07445
   0.92574  0.01164 -0.08154
   0.92033  0.01240 -0.09946
   0.91492  0.01315 -0.10314
   0.90952  0.01390 -0.11388
   0.90411  0.01464 -0.12906
   0.89870  0.01537 -0.12968
   0.89329  0.01610 -0.14431
   0.88788  0.01683 -0.14906
   0.88246  0.01755 -0.15706
   0.87705  0.01826 -0.16787
   0.87164  0.01897 -0.17507
   0.86622  0.01967 -0.18308
   0.86081  0.02037 -0.19099
   0.85539  0.02106 -0.20001
   0.84998  0.02175 -0.20352
   0.84456  0.02243 -0.21541
   0.83914  0.02310 -0.22318
   0.83372  0.02377 -0.22701
   0.82830  0.02443 -0.23642
   0.82288  0.02509 -0.24397
   0.81746  0.02574 -0.24975
   0.81204  0.02639 -0.25627
   0.80662  0.02703 -0.26460
   0.80119  0.02767 -0.27151
   0.79577  0.02830 -0.28172
   0.79035  0.02893 -0.28268
   0.78492  0.02955 -0.28984
   0.77949  0.03016 -0.30335
   0.77407  0.03077 -0.29894
   0.76864  0.03137 -0.31368
   0.76321  0.03197 -0.31927
   0.75779  0.03256 -0.32540
   0.75236  0.03315 -0.33047
   0.74693  0.03373 -0.33950
   0.74150  0.03431 -0.34386
   0.73607  0.03488 -0.34976
   0.73064  0.03544 -0.35720
   0.72521  0.03600 -0.36578
   0.71978  0.03656 -0.36946
   0.71434  0.03710 -0.37312
   0.70891  0.03765 -0.38813
   0.70348  0.03818 -0.38926
   0.69805  0.03871 -0.39641
   0.69261  0.03924 -0.39984
   0.68718  0.03976 -0.41072
   0.68174  0.04027 -0.41705
   0.67631  0.04078 -0.42063
   0.67087  0.04129 -0.42843
   0.66544  0.04178 -0.43250
   0.66000  0.04227 -0.44250
   0.65456  0.04276 -0.45020
   0.64912  0.04324 -0.45019
   0.64369  0.04371 -0.46273
   0.63825  0.04418 -0.46709
   0.63281  0.04464 -0.47667
   0.62737  0.04510 -0.47346
   0.62193  0.04555 -0.49500
   0.61649  0.04600 -0.48726
   0.61105  0.04643 -0.50410
   0.60561  0.04687 -0.50486
   0.60017  0.04729 -0.51525
   0.59473  0.04771 -0.51858
   0.58929  0.04813 -0.52887
   0.58385  0.04854 -0.53142
   0.57841  0.04894 -0.54201
   0.57297  0.04933 -0.54847
   0.56753  0.04972 -0.55297
   0.56209  0.05011 -0.56310
   0.55664  0.05048 -0.56406
   0.55120  0.05085 -0.57837
   0.54576  0.05122 -0.58111
   0.54032  0.05158 -0.59122
   0.53487  0.05193 -0.59857
   0.52943  0.05227 -0.60192
   0.52399  0.05261 -0.61128
   0.51854  0.05294 -0.62114
   0.51310  0.05327 -0.62181
   0.50766  0.05359 -0.63828
   0.50221  0.05390 -0.63956
   0.49677  0.05420 -0.65027
   0.49133  0.05450 -0.65693
   0.48588  0.05479 -0.66501
   0.48044  0.05507 -0.67346
   0.47500  0.05535 -0.68312
   0.46955  0.05562 -0.68625
   0.46411  0.05588 -0.69923
   0.45867  0.05614 -0.70603
   0.45322  0.05638 -0.71548
   0.44778  0.05662 -0.72098
   0.44234  0.05686 -0.73338
   0.43689  0.05708 -0.73922
   0.43145  0.05730 -0.75213
   0.42601  0.05751 -0.75668
   0.42057  0.05771 -0.76969
   0.41512  0.05790 -0.77839
   0.40968  0.05809 -0.78489
   0.40424  0.05827 -0.79748
   0.39880  0.05844 -0.80920
   0.39336  0.05860 -0.81671
   0.38792  0.05876 -0.82954
   0.38248  0.05890 -0.83861
   0.37704  0.05904 -0.84749
   0.37160  0.05917 -0.86310
   0.36616  0.05929 -0.86831
   0.36072  0.05940 -0.88788
   0.35528  0.05950 -0.89702
   0.34984  0.05959 -0.90803
   0.34441  0.05968 -0.92224
   0.33897  0.05975 -0.93852
   0.33353  0.05982 -0.95037
   0.32810  0.05987 -0.96332
   0.32266  0.05992 -0.98209
   0.31723  0.05996 -0.99891
   0.31180  0.05998 -1.01529
   0.30637  0.06000 -1.03600
   0.30097  0.06001 -1.06192
   0.29560  0.06000 -1.08718
   0.29025  0.05997 -1.11095
   0.28492  0.05991 -1.12854
   0.27958  0.05982 -1.15131
   0.27425  0.05971 -1.16405
   0.26892  0.05957 -1.18234
   0.26360  0.05941 -1.19814
   0.25827  0.05922 -1.21582
   0.25295  0.05900 -1.23040
   0.24763  0.05876 -1.24423
   0.24231  0.05849 -1.26205
   0.23700  0.05819 -1.27483
   0.23168  0.05787 -1.28905
   0.22638  0.05752 -1.30441
   0.22107  0.05714 -1.31783
   0.21577  0.05673 -1.33276
   0.21047  0.05630 -1.34667
   0.20517  0.05583 -1.36193
   0.19988  0.05534 -1.37527
   0.19460  0.05482 -1.38930
   0.18932  0.05427 -1.40341
   0.18404  0.05370 -1.41698
   0.17877  0.05309 -1.43300
   0.17350  0.05245 -1.44859
   0.16825  0.05178 -1.46121
   0.16299  0.05109 -1.47796
   0.15775  0.05036 -1.49123
   0.15251  0.04960 -1.50960
   0.14728  0.04881 -1.52406
   0.14205  0.04799 -1.54094
   0.13684  0.04714 -1.55877
   0.13164  0.04625 -1.57611
   0.12644  0.04533 -1.59469
   0.12126  0.04438 -1.61414
   0.11608  0.04339 -1.63499
   0.11092  0.04237 -1.65528
   0.10578  0.04131 -1.67996
   0.10064  0.04022 -1.70289
   0.09553  0.03909 -1.72946
   0.09043  0.03792 -1.75668
   0.08535  0.03672 -1.78650
   0.08029  0.03548 -1.82063
   0.07525  0.03419 -1.85695
   0.07024  0.03286 -1.89473
   0.06526  0.03149 -1.94191
   0.06032  0.03008 -1.98949
   0.05541  0.02862 -2.04586
   0.05055  0.02712 -2.10946
   0.04575  0.02556 -2.18369
   0.04101  0.02396 -2.26925
   0.03637  0.02231 -2.37074
   0.03183  0.02061 -2.49232
   0.02746  0.01888 -2.63621
   0.02330  0.01714 -2.81201
   0.01945  0.01541 -3.02269
   0.01600  0.01375 -3.27968
   0.01301  0.01219 -3.56745
   0.01050  0.01078 -3.90077
   0.00843  0.00951 -4.27045
   0.00673  0.00838 -4.67135
   0.00535  0.00737 -5.11297
   0.00420  0.00644 -5.58946
   0.00325  0.00560 -6.10949
   0.00245  0.00481 -6.67554
   0.00179  0.00406 -7.27124
   0.00125  0.00335 -7.90894
   0.00081  0.00267 -8.55083
   0.00047  0.00201 -9.09391
   0.00022  0.00136 -9.54092
   0.00007  0.00074 -9.71249
   0.00000  0.00014 -9.47876
   0.00003 -0.00044 -8.84471
   0.00015 -0.00104 -7.74310
   0.00038 -0.00164 -6.18311
   0.00072 -0.00222 -4.55562
   0.00118 -0.00278 -3.06465
   0.00175 -0.00331 -1.87252
   0.00243 -0.00382 -0.97979
   0.00323 -0.00430 -0.32792
   0.00416 -0.00476  0.12713
   0.00524 -0.00521  0.45286
   0.00651 -0.00565  0.67862
   0.00799 -0.00608  0.82655
   0.00977 -0.00650  0.92239
   0.01189 -0.00692  0.97608
   0.01446 -0.00732  0.99817
   0.01752 -0.00769  0.99673
   0.02112 -0.00802  0.97899
   0.02521 -0.00829  0.95199
   0.02969 -0.00849  0.92023
   0.03445 -0.00861  0.88845
   0.03939 -0.00867  0.85785
   0.04447 -0.00867  0.82990
   0.04964 -0.00861  0.80395
   0.05487 -0.00852  0.78112
   0.06015 -0.00838  0.75946
   0.06547 -0.00822  0.74123
   0.07082 -0.00803  0.72318
   0.07619 -0.00783  0.70791
   0.08158 -0.00760  0.69343
   0.08699 -0.00736  0.68024
   0.09242 -0.00711  0.66864
   0.09786 -0.00685  0.65713
   0.10331 -0.00658  0.64727
   0.10877 -0.00631  0.63701
   0.11424 -0.00603  0.62865
   0.11972 -0.00576  0.62028
   0.12519 -0.00548  0.61232
   0.13067 -0.00520  0.60545
   0.13615 -0.00492  0.59788
   0.14162 -0.00464  0.59199
   0.14708 -0.00437  0.58528
   0.15255 -0.00410  0.57998
   0.15801 -0.00384  0.57462
   0.16346 -0.00358  0.56892
   0.16891 -0.00333  0.56404
   0.17436 -0.00308  0.55869
   0.17981 -0.00284  0.55450
   0.18525 -0.00261  0.54943
   0.19069 -0.00239  0.54542
   0.19613 -0.00217  0.54047
   0.20157 -0.00196  0.53714
   0.20700 -0.00176  0.53283
   0.21244 -0.00157  0.52731
   0.21787 -0.00139  0.52550
   0.22330 -0.00122  0.51992
   0.22873 -0.00106  0.51740
   0.23416 -0.00091  0.51206
   0.23958 -0.00078  0.50911
   0.24501 -0.00065  0.50477
   0.25043 -0.00053  0.50074
   0.25586 -0.00042  0.49673
   0.26128 -0.00033  0.49351
   0.26670 -0.00025  0.48815
   0.27212 -0.00018  0.48456
   0.27754 -0.00012  0.47907
   0.28296 -0.00007  0.47693
   0.28838 -0.00004  0.46985
   0.29379 -0.00002  0.46479
   0.29923 -0.00001  0.45895
   0.30469 -0.00001  0.45089
   0.31015 -0.00000  0.44438
   0.31562  0.00000  0.44021
   0.32110  0.00001  0.43445
   0.32658  0.00003  0.43135
   0.33206  0.00004  0.42661
   0.33754  0.00006  0.42277
   0.34302  0.00008  0.41617
   0.34850  0.00010  0.41486
   0.35398  0.00012  0.41118
   0.35947  0.00015  0.40707
   0.36495  0.00017  0.40420
   0.37043  0.00020  0.40084
   0.37592  0.00023  0.39637
   0.38141  0.00026  0.39480
   0.38689  0.00029  0.39069
   0.39238  0.00033  0.38783
   0.39787  0.00036  0.38521
   0.40336  0.00039  0.38131
   0.40884  0.00043  0.37939
   0.41433  0.00047  0.37712
   0.41982  0.00050  0.37365
   0.42531  0.00054  0.37123
   0.43080  0.00058  0.36878
   0.43630  0.00062  0.36680
   0.44179  0.00066  0.36134
   0.44728  0.00070  0.36286
   0.45277  0.00074  0.35895
   0.45826  0.00078  0.35651
   0.46376  0.00082  0.35364
   0.46925  0.00086  0.35304
   0.47474  0.00090  0.34779
   0.48024  0.00094  0.34990
   0.48573  0.00098  0.34360
   0.49122  0.00102  0.34422
   0.49671  0.00106  0.34193
   0.50221  0.00110  0.33624
   0.50770  0.00113  0.33858
   0.51319  0.00117  0.33468
   0.51868  0.00121  0.33211
   0.52417  0.00125  0.33006
   0.52966  0.00128  0.33001
   0.53515  0.00132  0.32528
   0.54064  0.00135  0.32947
   0.54612  0.00139  0.32027
   0.55161  0.00142  0.32181
   0.55710  0.00145  0.32108
   0.56259  0.00148  0.31692
   0.56808  0.00152  0.31344
   0.57357  0.00155  0.31541
   0.57905  0.00157  0.31306
   0.58454  0.00160  0.30942
   0.59003  0.00163  0.30816
   0.59552  0.00165  0.30670
   0.60100  0.00168  0.30525
   0.60649  0.00170  0.30146
   0.61197  0.00172  0.30224
   0.61746  0.00174  0.30219
   0.62295  0.00176  0.29543
   0.62843  0.00178  0.29652
   0.63392  0.00180  0.29362
   0.63940  0.00181  0.29468
   0.64489  0.00183  0.29071
   0.65037  0.00184  0.29012
   0.65586  0.00185  0.28573
   0.66135  0.00186  0.28749
   0.66683  0.00187  0.28421
   0.67231  0.00187  0.28124
   0.67780  0.00188  0.27931
   0.68328  0.00188  0.28329
   0.68877  0.00189  0.27336
   0.69425  0.00189  0.27924
   0.69974  0.00188  0.27121
   0.70522  0.00188  0.27528
   0.71071  0.00188  0.26995
   0.71619  0.00187  0.26825
   0.72167  0.00186  0.26641
   0.72716  0.00186  0.26734
   0.73264  0.00185  0.26635
   0.73813  0.00183  0.25854
   0.74361  0.00182  0.26669
   0.74909  0.00180  0.25544
   0.75458  0.00179  0.25900
   0.76006  0.00177  0.25210
   0.76554  0.00175  0.25870
   0.77103  0.00172  0.24915
   0.77651  0.00170  0.25375
   0.78199  0.00167  0.24435
   0.78748  0.00165  0.25007
   0.79296  0.00162  0.24715
   0.79845  0.00159  0.23850
   0.80393  0.00155  0.24534
   0.80941  0.00152  0.24143
   0.81490  0.00149  0.23799
   0.82038  0.00145  0.23721
   0.82586  0.00141  0.23260
   0.83135  0.00137  0.23679
   0.83683  0.00133  0.22756
   0.84231  0.00128  0.22983
   0.84780  0.00124  0.23236
   0.85328  0.00119  0.22318
   0.85877  0.00114  0.22644
   0.86425  0.00109  0.22389
   0.86973  0.00104  0.22112
   0.87522  0.00098  0.22162
   0.88070  0.00093  0.21502
   0.88619  0.00087  0.22051
   0.89167  0.00081  0.20663
   0.89715  0.00075  0.21859
   0.90264  0.00069  0.20803
   0.90812  0.00063  0.21118
   0.91361  0.00056  0.20873
   0.91909  0.00050  0.20499
   0.92458  0.00043  0.20183
   0.93006  0.00036  0.20357
   0.93555  0.00029  0.20019
   0.94103  0.00022  0.20221
   0.94652  0.00015  0.19757
   0.95200  0.00007  0.19691
   0.95749 -0.00000  0.19243
   0.96297 -0.00008  0.19168
   0.96844 -0.00016  0.20244
   0.97390 -0.00024  0.19174
   0.97931 -0.00032  0.20134
   0.98460 -0.00039  0.19537
   0.98962 -0.00047  0.20411
   0.99414 -0.00054  0.20561
   0.99792 -0.00060  0.22470
   1.00000 -0.00063  0.28785
