NACA 2411                                       
 Alfa =   8.00000 Re =        0.000 Xflap,Yflap =     0.000000    0.000000
#    x        y        Cp  
   1.00000  0.00116  0.41776
   0.99771  0.00160  0.29904
   0.99402  0.00232  0.24387
   0.99002  0.00309  0.20438
   0.98570  0.00392  0.16884
   0.98106  0.00481  0.14586
   0.97613  0.00574  0.11974
   0.97093  0.00672  0.09798
   0.96549  0.00774  0.07343
   0.95986  0.00878  0.05817
   0.95407  0.00984  0.03601
   0.94816  0.01092  0.01865
   0.94216  0.01201  0.00400
   0.93608  0.01310 -0.01404
   0.92995  0.01419 -0.02827
   0.92377  0.01528 -0.04312
   0.91757  0.01636 -0.05805
   0.91135  0.01744 -0.07048
   0.90511  0.01851 -0.08489
   0.89886  0.01958 -0.09676
   0.89260  0.02063 -0.10991
   0.88633  0.02168 -0.12111
   0.88006  0.02272 -0.13273
   0.87378  0.02375 -0.14535
   0.86750  0.02477 -0.15468
   0.86121  0.02578 -0.16833
   0.85493  0.02679 -0.17798
   0.84864  0.02778 -0.18785
   0.84234  0.02877 -0.19950
   0.83605  0.02974 -0.20832
   0.82975  0.03071 -0.21959
   0.82345  0.03167 -0.22976
   0.81715  0.03262 -0.23795
   0.81085  0.03356 -0.25041
   0.80455  0.03449 -0.25873
   0.79824  0.03541 -0.26808
   0.79194  0.03633 -0.27679
   0.78563  0.03723 -0.28727
   0.77932  0.03812 -0.29806
   0.77301  0.03901 -0.30444
   0.76670  0.03989 -0.31502
   0.76039  0.04076 -0.32577
   0.75408  0.04161 -0.33186
   0.74777  0.04246 -0.34296
   0.74145  0.04330 -0.35186
   0.73514  0.04413 -0.36037
   0.72882  0.04496 -0.36979
   0.72250  0.04577 -0.37855
   0.71619  0.04657 -0.38819
   0.70987  0.04737 -0.39532
   0.70355  0.04815 -0.40655
   0.69723  0.04892 -0.41349
   0.69091  0.04969 -0.42346
   0.68459  0.05044 -0.43215
   0.67827  0.05119 -0.44123
   0.67195  0.05193 -0.45045
   0.66563  0.05265 -0.45837
   0.65931  0.05337 -0.46879
   0.65299  0.05408 -0.47737
   0.64667  0.05477 -0.48538
   0.64035  0.05546 -0.49615
   0.63403  0.05614 -0.50388
   0.62771  0.05681 -0.51313
   0.62139  0.05746 -0.52326
   0.61508  0.05811 -0.53237
   0.60876  0.05874 -0.54104
   0.60244  0.05937 -0.55029
   0.59612  0.05998 -0.55994
   0.58981  0.06059 -0.56851
   0.58349  0.06118 -0.58027
   0.57717  0.06177 -0.58697
   0.57086  0.06234 -0.59852
   0.56455  0.06290 -0.60618
   0.55823  0.06345 -0.61748
   0.55192  0.06399 -0.62693
   0.54561  0.06451 -0.63634
   0.53930  0.06503 -0.64682
   0.53300  0.06553 -0.65724
   0.52669  0.06602 -0.66596
   0.52038  0.06650 -0.67742
   0.51408  0.06697 -0.68766
   0.50778  0.06743 -0.69741
   0.50148  0.06787 -0.70899
   0.49518  0.06830 -0.71852
   0.48889  0.06872 -0.72995
   0.48259  0.06913 -0.74089
   0.47630  0.06952 -0.75276
   0.47002  0.06990 -0.76228
   0.46373  0.07026 -0.77511
   0.45745  0.07062 -0.78521
   0.45117  0.07096 -0.79791
   0.44489  0.07128 -0.81024
   0.43862  0.07159 -0.82190
   0.43235  0.07189 -0.83375
   0.42609  0.07217 -0.84730
   0.41984  0.07244 -0.86042
   0.41359  0.07269 -0.87418
   0.40736  0.07293 -0.88676
   0.40114  0.07316 -0.90408
   0.39494  0.07336 -0.91989
   0.38875  0.07354 -0.93389
   0.38258  0.07371 -0.94828
   0.37642  0.07385 -0.96357
   0.37026  0.07397 -0.97588
   0.36411  0.07407 -0.99022
   0.35797  0.07415 -1.00356
   0.35184  0.07420 -1.01792
   0.34571  0.07424 -1.03123
   0.33959  0.07425 -1.04516
   0.33347  0.07424 -1.05875
   0.32736  0.07421 -1.07297
   0.32126  0.07415 -1.08608
   0.31516  0.07407 -1.10120
   0.30907  0.07396 -1.11381
   0.30299  0.07384 -1.12836
   0.29691  0.07369 -1.14390
   0.29085  0.07351 -1.15687
   0.28479  0.07331 -1.17128
   0.27874  0.07308 -1.18662
   0.27269  0.07283 -1.20076
   0.26666  0.07255 -1.21667
   0.26064  0.07225 -1.23066
   0.25462  0.07192 -1.24645
   0.24862  0.07156 -1.26219
   0.24263  0.07118 -1.27784
   0.23665  0.07077 -1.29351
   0.23069  0.07033 -1.31017
   0.22473  0.06986 -1.32653
   0.21879  0.06937 -1.34330
   0.21287  0.06884 -1.36009
   0.20696  0.06829 -1.37717
   0.20107  0.06770 -1.39651
   0.19519  0.06709 -1.41209
   0.18933  0.06644 -1.43405
   0.18349  0.06577 -1.45030
   0.17768  0.06506 -1.47170
   0.17188  0.06432 -1.49115
   0.16612  0.06354 -1.51100
   0.16037  0.06274 -1.53395
   0.15466  0.06190 -1.55509
   0.14897  0.06102 -1.57878
   0.14332  0.06012 -1.59972
   0.13770  0.05917 -1.62698
   0.13213  0.05820 -1.65055
   0.12660  0.05719 -1.67755
   0.12111  0.05614 -1.70457
   0.11568  0.05506 -1.73489
   0.11032  0.05395 -1.76275
   0.10501  0.05280 -1.79568
   0.09979  0.05163 -1.82797
   0.09465  0.05042 -1.86175
   0.08960  0.04918 -1.89899
   0.08466  0.04792 -1.93588
   0.07984  0.04664 -1.97767
   0.07516  0.04534 -2.01928
   0.07062  0.04403 -2.06188
   0.06624  0.04271 -2.10900
   0.06203  0.04139 -2.15805
   0.05800  0.04007 -2.20702
   0.05416  0.03876 -2.26068
   0.05052  0.03746 -2.31336
   0.04708  0.03619 -2.36974
   0.04383  0.03493 -2.42887
   0.04078  0.03371 -2.48620
   0.03791  0.03251 -2.55160
   0.03523  0.03134 -2.60785
   0.03272  0.03021 -2.67620
   0.03037  0.02910 -2.74359
   0.02817  0.02802 -2.80523
   0.02611  0.02697 -2.87614
   0.02419  0.02595 -2.94407
   0.02239  0.02496 -3.01393
   0.02070  0.02399 -3.08550
   0.01911  0.02305 -3.16017
   0.01763  0.02212 -3.23232
   0.01623  0.02122 -3.30932
   0.01492  0.02033 -3.37843
   0.01368  0.01946 -3.46124
   0.01252  0.01861 -3.53308
   0.01143  0.01777 -3.60899
   0.01040  0.01694 -3.68811
   0.00944  0.01612 -3.76339
   0.00853  0.01532 -3.83765
   0.00767  0.01452 -3.90874
   0.00687  0.01373 -3.98112
   0.00611  0.01294 -4.04745
   0.00541  0.01217 -4.11984
   0.00475  0.01139 -4.16994
   0.00414  0.01062 -4.21591
   0.00357  0.00986 -4.26020
   0.00304  0.00910 -4.29563
   0.00256  0.00834 -4.30802
   0.00212  0.00758 -4.31423
   0.00172  0.00683 -4.28503
   0.00137  0.00608 -4.27269
   0.00105  0.00533 -4.19562
   0.00078  0.00459 -4.12386
   0.00055  0.00385 -4.00606
   0.00036  0.00312 -3.88427
   0.00021  0.00239 -3.72047
   0.00010  0.00167 -3.53462
   0.00003  0.00096 -3.33101
   0.00000  0.00027 -3.11943
   0.00001 -0.00042 -2.89309
   0.00005 -0.00112 -2.64652
   0.00013 -0.00183 -2.39999
   0.00025 -0.00254 -2.11619
   0.00042 -0.00326 -1.84191
   0.00063 -0.00398 -1.56089
   0.00088 -0.00470 -1.28545
   0.00118 -0.00541 -1.00886
   0.00153 -0.00613 -0.74708
   0.00193 -0.00684 -0.51669
   0.00237 -0.00754 -0.28437
   0.00285 -0.00824 -0.08401
   0.00339 -0.00893  0.09463
   0.00397 -0.00961  0.25006
   0.00459 -0.01029  0.39420
   0.00526 -0.01095  0.51106
   0.00598 -0.01161  0.61071
   0.00675 -0.01227  0.70079
   0.00756 -0.01291  0.76740
   0.00842 -0.01355  0.83058
   0.00933 -0.01419  0.87640
   0.01030 -0.01482  0.91517
   0.01132 -0.01545  0.94485
   0.01240 -0.01607  0.96730
   0.01354 -0.01670  0.98290
   0.01475 -0.01732  0.99323
   0.01602 -0.01794  0.99864
   0.01737 -0.01856  0.99993
   0.01879 -0.01918  0.99764
   0.02031 -0.01980  0.99190
   0.02191 -0.02043  0.98358
   0.02361 -0.02106  0.97341
   0.02542 -0.02169  0.95992
   0.02734 -0.02232  0.94554
   0.02939 -0.02296  0.93002
   0.03157 -0.02361  0.91185
   0.03390 -0.02425  0.89385
   0.03638 -0.02491  0.87334
   0.03904 -0.02556  0.85406
   0.04188 -0.02622  0.83274
   0.04491 -0.02688  0.81107
   0.04814 -0.02754  0.78904
   0.05158 -0.02819  0.76718
   0.05523 -0.02884  0.74491
   0.05911 -0.02949  0.72354
   0.06319 -0.03012  0.70116
   0.06749 -0.03073  0.68059
   0.07200 -0.03133  0.65907
   0.07669 -0.03190  0.63947
   0.08156 -0.03245  0.61986
   0.08660 -0.03298  0.60169
   0.09178 -0.03347  0.58364
   0.09709 -0.03394  0.56654
   0.10252 -0.03437  0.55094
   0.10805 -0.03478  0.53570
   0.11367 -0.03515  0.52125
   0.11937 -0.03549  0.50747
   0.12514 -0.03580  0.49522
   0.13097 -0.03608  0.48260
   0.13686 -0.03634  0.47150
   0.14279 -0.03657  0.46094
   0.14876 -0.03677  0.45011
   0.15478 -0.03695  0.44154
   0.16083 -0.03710  0.43137
   0.16691 -0.03723  0.42361
   0.17302 -0.03734  0.41571
   0.17915 -0.03743  0.40741
   0.18531 -0.03750  0.40045
   0.19149 -0.03755  0.39369
   0.19769 -0.03759  0.38693
   0.20391 -0.03760  0.38005
   0.21015 -0.03760  0.37588
   0.21641 -0.03759  0.36879
   0.22268 -0.03756  0.36381
   0.22896 -0.03751  0.35901
   0.23526 -0.03745  0.35360
   0.24157 -0.03739  0.34933
   0.24790 -0.03730  0.34454
   0.25423 -0.03721  0.34110
   0.26058 -0.03711  0.33599
   0.26694 -0.03699  0.33269
   0.27331 -0.03687  0.32899
   0.27969 -0.03674  0.32490
   0.28608 -0.03660  0.32191
   0.29247 -0.03645  0.31815
   0.29888 -0.03629  0.31511
   0.30529 -0.03613  0.31141
   0.31171 -0.03596  0.30926
   0.31814 -0.03579  0.30578
   0.32457 -0.03560  0.30316
   0.33102 -0.03542  0.29979
   0.33747 -0.03523  0.29744
   0.34392 -0.03503  0.29421
   0.35038 -0.03483  0.29186
   0.35684 -0.03463  0.28895
   0.36331 -0.03442  0.28671
   0.36979 -0.03421  0.28349
   0.37626 -0.03399  0.28119
   0.38274 -0.03378  0.27854
   0.38921 -0.03356  0.27567
   0.39568 -0.03334  0.27279
   0.40214 -0.03312  0.26845
   0.40858 -0.03290  0.26529
   0.41502 -0.03266  0.26331
   0.42146 -0.03242  0.26016
   0.42790 -0.03218  0.25771
   0.43433 -0.03193  0.25594
   0.44077 -0.03167  0.25447
   0.44721 -0.03141  0.25080
   0.45365 -0.03114  0.25025
   0.46009 -0.03087  0.24819
   0.46654 -0.03059  0.24704
   0.47299 -0.03031  0.24377
   0.47944 -0.03003  0.24380
   0.48590 -0.02973  0.24128
   0.49235 -0.02944  0.24006
   0.49881 -0.02914  0.23863
   0.50527 -0.02884  0.23746
   0.51174 -0.02853  0.23591
   0.51821 -0.02822  0.23364
   0.52468 -0.02790  0.23409
   0.53115 -0.02759  0.23220
   0.53762 -0.02727  0.23069
   0.54410 -0.02694  0.23043
   0.55058 -0.02662  0.22767
   0.55706 -0.02629  0.22835
   0.56354 -0.02596  0.22617
   0.57003 -0.02562  0.22543
   0.57652 -0.02529  0.22500
   0.58301 -0.02495  0.22367
   0.58950 -0.02461  0.22208
   0.59599 -0.02427  0.22180
   0.60248 -0.02392  0.22074
   0.60898 -0.02357  0.21970
   0.61547 -0.02323  0.21895
   0.62197 -0.02288  0.21786
   0.62847 -0.02253  0.21808
   0.63497 -0.02217  0.21631
   0.64148 -0.02182  0.21554
   0.64798 -0.02146  0.21471
   0.65448 -0.02111  0.21455
   0.66099 -0.02075  0.21306
   0.66750 -0.02039  0.21238
   0.67400 -0.02003  0.21213
   0.68051 -0.01967  0.21214
   0.68702 -0.01931  0.21036
   0.69353 -0.01895  0.20939
   0.70004 -0.01858  0.20932
   0.70656 -0.01822  0.20919
   0.71307 -0.01785  0.20791
   0.71958 -0.01749  0.20577
   0.72609 -0.01712  0.20881
   0.73261 -0.01676  0.20577
   0.73912 -0.01639  0.20536
   0.74564 -0.01602  0.20556
   0.75215 -0.01565  0.20468
   0.75867 -0.01528  0.20411
   0.76518 -0.01492  0.20337
   0.77170 -0.01455  0.20350
   0.77821 -0.01418  0.20353
   0.78473 -0.01380  0.20152
   0.79124 -0.01343  0.20224
   0.79776 -0.01306  0.20207
   0.80427 -0.01269  0.20268
   0.81079 -0.01232  0.19988
   0.81730 -0.01194  0.20185
   0.82382 -0.01157  0.20029
   0.83033 -0.01120  0.20003
   0.83684 -0.01082  0.20139
   0.84336 -0.01045  0.20009
   0.84987 -0.01007  0.20172
   0.85638 -0.00970  0.20004
   0.86289 -0.00932  0.20015
   0.86939 -0.00894  0.20241
   0.87590 -0.00857  0.20140
   0.88240 -0.00819  0.20168
   0.88890 -0.00781  0.20368
   0.89539 -0.00743  0.20272
   0.90187 -0.00705  0.20429
   0.90834 -0.00667  0.20563
   0.91480 -0.00629  0.20675
   0.92123 -0.00591  0.20869
   0.92764 -0.00553  0.20997
   0.93401 -0.00515  0.21345
   0.94032 -0.00478  0.21280
   0.94656 -0.00441  0.21901
   0.95269 -0.00404  0.22086
   0.95870 -0.00368  0.22627
   0.96453 -0.00332  0.22907
   0.97016 -0.00298  0.23674
   0.97553 -0.00266  0.24341
   0.98062 -0.00235  0.25313
   0.98538 -0.00206  0.26227
   0.98982 -0.00178  0.28011
   0.99391 -0.00153  0.29749
   0.99767 -0.00130  0.32955
   1.00000 -0.00116  0.41776
